TILEMAP
36 28 							-- Size of tile map in tiles
18 18 							-- Tile size & block size
images/Free/Terrain/bloc.png -- Tilesheet
2 3 								-- Number of tiles in tilesheet
555555555555555555555555555555555555
55            11111               55
55            11111               55
55            11111               55
55            11111               55
55            11111               55
55            11111               55
5555   55555551111155555555     5555
55                                55
55                                55
55                                55
55                                55
5555   5555   55   55   5555    5555
55                                55
55                                55
55                                55
55                                55
5555                     5555   5555
55                                55
55                                55
55                                55
55                                55
5555   5555555555555555555555   5555
55                                55
55                                55
55                                55
55                                55
555555555555555555555555555555555555

